k=4: {'centers': array([[ 2.06581255e-01, -1.08170252e-01,  1.14459508e+00,
         2.74658984e-02,  4.09743800e-01],
       [-3.76206542e-01, -3.32581646e-02, -2.28664889e-01,
        -1.18529409e-01, -1.64565463e+00],
       [-1.03675730e-02,  6.43574596e-02, -5.41770886e-01,
        -9.73077953e-02,  2.20735643e-01],
       [ 4.37760163e-01,  7.03689459e-02,  1.12226056e+00,
         1.36060909e+01,  7.22835952e-01]]), 'clustering': array([0, 1, 2, ..., 2, 2, 2]), 'runtime': 0.025008273124694825, 'cost': array([2.78730945, 3.16595638]), 'centers_f': array([[ 0.23990874, -0.07802626,  1.28184996,  0.05203323,  0.37544528],
       [-0.64656293,  0.94518798, -0.48142419, -0.11465926, -0.46604003],
       [ 0.31211578, -0.40309893, -0.50526114, -0.07855437,  0.34799976],
       [ 0.49628341,  0.05657014,  1.1571225 , 13.60609091,  0.88540112]]), 'clustering_f': [array([1, 0, 2, ..., 2, 1, 1]), array([0, 0, 2, ..., 2, 1, 2])], 'runtime_f': 0.06232175827026367, 'cost_f': array([2.92917296, 2.96941938]), 'assignment': array([0, 0, 2, ..., 1, 2, 1])}
k=5: {'centers': array([[-0.27685347, -0.44095005, -0.33013212, -0.10080522,  0.32398936],
       [-0.939887  , -0.15128288, -0.15414305, -0.12835964, -1.57935581],
       [ 0.21512196, -0.20356077,  1.27986191,  0.33371503,  0.41743667],
       [-0.35635455,  1.61403594, -0.20939727, -0.10044619,  0.11723429],
       [ 1.46679162, -0.14295798, -0.92687237, -0.08613534, -0.38063167]]), 'clustering': array([2, 1, 0, ..., 3, 0, 3]), 'runtime': 0.02676281929016113, 'cost': array([2.36015394, 3.4197902 ]), 'centers_f': array([[ 4.96283413e-01,  5.65701388e-02,  1.15712250e+00,
         1.36060909e+01,  8.85401117e-01],
       [ 1.17958201e-01, -2.89904030e-01,  2.30798490e-01,
         1.16029499e-02,  1.86079911e+00],
       [-4.28244227e-01, -2.19037030e-01, -7.39410389e-01,
        -1.08051576e-01, -2.30077495e-01],
       [ 6.16658747e-01, -3.61197706e-01,  6.46266179e-01,
        -1.01877582e-02, -1.22366833e-02],
       [-1.86532194e-01,  1.71157600e+00,  3.12122720e-02,
        -6.43436655e-02,  3.19399791e-02]]), 'clustering_f': [array([4, 3, 2, ..., 3, 4, 4]), array([3, 3, 2, ..., 1, 4, 2])], 'runtime_f': 0.07073192596435547, 'cost_f': array([2.66664878, 2.68415097]), 'assignment': array([3, 3, 2, ..., 4, 2, 4])}
k=6: {'centers': array([[ 0.43776016,  0.07036895,  1.12226056, 13.60609091,  0.72283595],
       [ 0.08250627, -0.24209439, -0.04821867, -0.03036743,  1.65186918],
       [-0.78863327, -0.33981667, -0.38397618, -0.11499162, -0.4271659 ],
       [ 0.14730198, -0.20664721,  1.27510456,  0.02817199,  0.1761992 ],
       [-0.3627797 ,  1.74528684, -0.23443102, -0.09861912, -0.15723431],
       [ 1.2290437 , -0.26290256, -0.60850027, -0.08043047, -0.33806873]]), 'clustering': array([3, 3, 2, ..., 4, 5, 4]), 'runtime': 0.028105831146240233, 'cost': array([2.08105156, 2.27128735]), 'centers_f': array([[ 0.49628341,  0.05657014,  1.1571225 , 13.60609091,  0.88540112],
       [ 1.18244778, -0.26840571, -0.6670832 , -0.07130873, -0.1906741 ],
       [ 0.24255227, -0.14128863,  1.30241116,  0.05401438,  0.24277378],
       [-0.76914152, -0.35992796, -0.42230345, -0.10604779, -0.30860201],
       [-0.3450916 ,  1.67245252, -0.2883792 , -0.09721195,  0.03030516],
       [ 0.03967344, -0.36335859, -0.05836912, -0.03927957,  1.75391213]]), 'clustering_f': [array([4, 2, 1, ..., 1, 4, 4]), array([2, 2, 3, ..., 5, 4, 1])], 'runtime_f': 0.07117934226989746, 'cost_f': array([2.16384113, 2.25731256]), 'assignment': array([2, 2, 3, ..., 4, 1, 4])}
k=7: {'centers': array([[ 1.39214789e-01, -2.14061856e-01,  7.17040803e-02,
        -2.98351164e-02,  1.97440374e+00],
       [-5.44884843e-01, -3.63866385e-01, -4.04631770e-01,
        -1.07514672e-01,  5.38703371e-02],
       [ 1.52835911e-01, -2.02353176e-01,  1.27570549e+00,
         3.21930487e-02,  2.04606505e-01],
       [-1.06856339e+00, -1.17656010e-01, -1.98020889e-01,
        -1.23128181e-01, -1.66420284e+00],
       [ 4.37760163e-01,  7.03689459e-02,  1.12226056e+00,
         1.36060909e+01,  7.22835952e-01],
       [ 1.33681184e+00, -2.55594975e-01, -6.23341517e-01,
        -7.30236746e-02, -3.43413018e-01],
       [-3.06617548e-01,  1.77403274e+00, -2.62320570e-01,
        -9.45876805e-02, -4.93939162e-03]]), 'clustering': array([2, 3, 1, ..., 6, 1, 6]), 'runtime': 0.0267439603805542, 'cost': array([1.81595566, 2.10380722]), 'centers_f': array([[ 1.34637762e+00, -2.55490261e-01, -6.80200818e-01,
        -6.57148644e-02, -2.25356212e-01],
       [-1.07710090e+00, -1.06337253e-02, -2.66667466e-01,
        -1.19107575e-01, -1.53755972e+00],
       [-4.96895709e-01, -3.69349130e-01, -4.35857945e-01,
        -9.75057674e-02,  1.50544809e-01],
       [ 4.96283413e-01,  5.65701388e-02,  1.15712250e+00,
         1.36060909e+01,  8.85401117e-01],
       [ 2.21289344e-01, -1.93123429e-01,  1.29800051e+00,
         5.28596038e-02,  2.58042062e-01],
       [ 1.58263196e-01, -2.98943241e-02,  8.40105513e-02,
        -2.97781175e-02,  1.99774022e+00],
       [-3.04835886e-01,  1.85246319e+00, -2.88486549e-01,
        -9.04086923e-02,  3.38568116e-02]]), 'clustering_f': [array([6, 4, 0, ..., 0, 1, 6]), array([4, 1, 2, ..., 5, 6, 2])], 'runtime_f': 0.08132925033569335, 'cost_f': array([1.86309923, 2.09597005]), 'assignment': array([4, 1, 2, ..., 6, 2, 6])}
k=8: {'centers': array([[ 1.13443563e-01, -2.27950487e-01,  1.29938844e+00,
         3.59059064e-02,  2.35179453e-01],
       [-5.34810022e-01, -3.48931100e-01, -2.49928936e-01,
        -1.06518076e-01,  6.52360562e-02],
       [-1.07251628e+00, -1.23201711e-01, -1.70699882e-01,
        -1.29094238e-01, -1.65707322e+00],
       [ 1.14579856e-01,  2.19492534e-01, -2.19606470e+00,
        -1.09772640e-01, -5.33273898e-02],
       [ 4.37760163e-01,  7.03689459e-02,  1.12226056e+00,
         1.36060909e+01,  7.22835952e-01],
       [-2.48344648e-01,  1.84714602e+00, -3.48692723e-02,
        -8.78458920e-02,  8.39979864e-03],
       [ 1.18558804e-01, -2.30781885e-01,  9.20357086e-02,
        -2.53765104e-02,  2.01705239e+00],
       [ 1.38688863e+00, -3.07623276e-01, -2.92311017e-01,
        -6.23524073e-02, -3.72391857e-01]]), 'clustering': array([0, 7, 1, ..., 5, 3, 5]), 'runtime': 0.029834651947021486, 'cost': array([1.69419291, 1.9268158 ]), 'centers_f': array([[ 0.15836093, -0.18906796,  1.3308845 ,  0.0577104 ,  0.31253123],
       [-0.49000978, -0.33826707, -0.27198248, -0.0966284 ,  0.14141089],
       [-1.11536418,  0.02779872, -0.22339936, -0.13197256, -1.53838328],
       [ 0.21893682,  0.20099637, -2.25518983, -0.11095496,  0.01733538],
       [ 0.49628341,  0.05657014,  1.1571225 , 13.60609091,  0.88540112],
       [-0.20572249,  1.88532188, -0.02106323, -0.06748252,  0.14295919],
       [ 0.13886092, -0.31062564,  0.03567939, -0.02687222,  2.09684733],
       [ 1.39309986, -0.31187991, -0.25623631, -0.05614192, -0.27973988]]), 'clustering_f': [array([5, 0, 3, ..., 7, 2, 5]), array([0, 7, 1, ..., 6, 5, 3])], 'runtime_f': 0.08052973747253418, 'cost_f': array([1.73983691, 1.91676945]), 'assignment': array([0, 7, 1, ..., 5, 3, 5])}
k=9: {'centers': array([[ 1.99863687, -0.18823608, -0.09649392, -0.06729268, -1.90098436],
       [ 0.08197721, -0.22653839,  1.30843158,  0.03894373,  0.26281057],
       [ 0.43776016,  0.07036895,  1.12226056, 13.60609091,  0.72283595],
       [-1.1155504 , -0.02497621, -0.19181851, -0.12267148, -1.68359666],
       [ 0.99743231, -0.3207278 , -0.2296246 , -0.05921772,  0.05255843],
       [-0.6841841 , -0.36337821, -0.28512775, -0.11056635,  0.01443532],
       [ 0.39635724,  0.17296555, -2.24081843, -0.11604158, -0.04959021],
       [ 0.04670674, -0.31741702,  0.04041995, -0.04999737,  2.01824756],
       [-0.26629253,  1.81245805, -0.03407718, -0.08657821,  0.0767309 ]]), 'clustering': array([1, 0, 5, ..., 8, 6, 8]), 'runtime': 0.0327606201171875, 'cost': array([1.55068962, 1.79181239]), 'centers_f': array([[ 2.04747552e+00, -1.99265337e-01, -3.00622655e-02,
        -6.91680711e-02, -1.83624390e+00],
       [ 1.58736031e-01, -1.92776004e-01,  1.33108956e+00,
         5.87213159e-02,  3.81329582e-01],
       [ 4.96283413e-01,  5.65701388e-02,  1.15712250e+00,
         1.36060909e+01,  8.85401117e-01],
       [-1.15224116e+00,  9.91568819e-02, -2.39313207e-01,
        -1.30983446e-01, -1.57296382e+00],
       [ 1.02936854e+00, -3.35854825e-01, -2.54712856e-01,
        -4.64642050e-02,  1.60196408e-01],
       [-6.22098128e-01, -3.57719953e-01, -2.88428304e-01,
        -9.94420836e-02,  9.85441512e-02],
       [ 3.27797909e-01,  1.87978184e-01, -2.26405267e+00,
        -1.08564505e-01, -4.27191537e-03],
       [ 3.44134358e-02, -3.03007989e-01, -1.12079808e-01,
        -5.94321718e-02,  2.17170421e+00],
       [-2.35285848e-01,  1.85423869e+00, -2.37086527e-02,
        -7.17733895e-02,  1.72159930e-01]]), 'clustering_f': [array([8, 1, 6, ..., 0, 3, 8]), array([1, 0, 5, ..., 7, 8, 6])], 'runtime_f': 0.0890953540802002, 'cost_f': array([1.60199147, 1.78249149]), 'assignment': array([1, 0, 5, ..., 8, 6, 8])}
k=10: {'centers': array([[ 2.04428195e+00, -2.62239745e-01, -5.76354112e-02,
        -5.63874526e-02, -1.69215329e+00],
       [ 9.34337366e-01, -2.02254214e-01, -2.57187768e-01,
        -5.89596629e-02,  7.34562191e-02],
       [ 4.98226118e-01,  9.97974194e-02, -2.24478967e+00,
        -1.18825045e-01, -3.76073194e-02],
       [ 4.37760163e-01,  7.03689459e-02,  1.12226056e+00,
         1.36060909e+01,  7.22835952e-01],
       [ 1.73186607e-01, -1.19905783e-01,  1.32678614e+00,
         5.06334020e-02,  2.61415944e-01],
       [ 1.01910281e-01, -2.46216896e-01,  1.33177417e-01,
        -3.50674791e-02,  2.09531625e+00],
       [-5.53336496e-01, -9.36283832e-01, -1.38096956e-01,
        -1.08217468e-01,  4.14479304e-02],
       [-1.09759415e+00, -7.65605155e-02, -1.85792374e-01,
        -1.27896853e-01, -1.69246891e+00],
       [-7.59750361e-01,  3.93113751e-01, -3.00034827e-01,
        -1.13228697e-01,  4.17717664e-02],
       [-1.89146656e-01,  2.22796160e+00, -3.84235496e-02,
        -8.61452354e-02,  1.12524862e-02]]), 'clustering': array([4, 0, 8, ..., 8, 2, 8]), 'runtime': 0.03851320743560791, 'cost': array([1.46601737, 1.70104822]), 'centers_f': array([[ 2.01954118e-01, -1.24694471e-01,  1.33181424e+00,
         5.78706013e-02,  2.85325114e-01],
       [ 1.58997469e-01, -1.77806701e-01,  1.79046510e-01,
        -1.30920656e-02,  2.18630519e+00],
       [ 1.11925250e+00, -3.51534889e-01, -3.63784862e-01,
        -5.09607933e-02,  1.76948583e-01],
       [-1.14519281e+00, -2.42786406e-02, -2.66797115e-01,
        -1.30762806e-01, -1.57404373e+00],
       [ 2.04030840e+00, -1.80534525e-01, -9.33095926e-02,
        -8.11929322e-02, -1.83421592e+00],
       [ 4.96283413e-01,  5.65701388e-02,  1.15712250e+00,
         1.36060909e+01,  8.85401117e-01],
       [-4.54546977e-01, -1.00219425e+00, -2.06313098e-01,
        -9.69148529e-02,  2.36555173e-01],
       [-6.40616235e-01,  2.43559980e-01, -3.21402092e-01,
        -1.02839779e-01,  1.17499239e-01],
       [-2.43447221e-01,  2.16065923e+00,  7.98540948e-02,
        -6.14865721e-02,  1.35509687e-01],
       [ 3.15586795e-01,  5.42199061e-01, -2.10500105e+00,
        -1.00765716e-01,  3.67513903e-02]]), 'clustering_f': [array([8, 0, 9, ..., 4, 3, 7]), array([0, 4, 7, ..., 1, 7, 9])], 'runtime_f': 0.10465784072875976, 'cost_f': array([1.51261245, 1.69487781]), 'assignment': array([0, 4, 7, ..., 7, 9, 7])}
k=11: {'centers': array([[-0.70714514,  0.45399116, -0.35667318, -0.11348621,  0.02894903],
       [ 0.43776016,  0.07036895,  1.12226056, 13.60609091,  0.72283595],
       [ 0.80272945, -0.44010333,  1.37356078,  0.15470523,  0.34122294],
       [-0.08372511,  2.27766823, -0.09074577, -0.08329252,  0.01565935],
       [ 0.02341977, -0.21009274,  0.0279425 , -0.07389508,  2.1272961 ],
       [ 0.51044864,  0.11450994, -2.25974754, -0.11632182, -0.03961085],
       [-0.38716354,  0.18535877,  1.22130983, -0.04214123,  0.19685199],
       [-1.11090037, -0.07060687, -0.22192029, -0.12740165, -1.70487717],
       [ 0.96795072, -0.29486019, -0.2783422 , -0.06087996,  0.06729849],
       [ 2.00218882, -0.21977899, -0.16812913, -0.07104724, -1.95729672],
       [-0.6058483 , -0.88880021, -0.18890806, -0.10979348,  0.03970961]]), 'clustering': array([2, 9, 0, ..., 0, 5, 0]), 'runtime': 0.041727733612060544, 'cost': array([1.39661099, 1.60520965]), 'centers_f': array([[-5.92819967e-01,  4.16385571e-01, -3.48291134e-01,
        -1.03918012e-01,  1.11783691e-01],
       [ 4.96283413e-01,  5.65701388e-02,  1.15712250e+00,
         1.36060909e+01,  8.85401117e-01],
       [ 8.65022673e-01, -4.54597388e-01,  1.39055605e+00,
         1.61034067e-01,  4.36540582e-01],
       [-1.50790484e-01,  2.33713410e+00, -1.07226267e-01,
        -7.17020083e-02,  1.47613938e-01],
       [ 6.56036289e-02, -2.09542513e-01, -1.00503404e-01,
        -6.38317552e-02,  2.25236327e+00],
       [ 4.04846854e-01,  1.44184570e-01, -2.29046810e+00,
        -1.11052918e-01, -1.09746151e-03],
       [-2.96800555e-01,  2.37312347e-01,  1.25134139e+00,
        -1.28207203e-02,  2.83461530e-01],
       [-1.14840651e+00,  4.22318123e-02, -2.64567898e-01,
        -1.30194918e-01, -1.63711692e+00],
       [ 1.02966831e+00, -3.03667949e-01, -3.00156779e-01,
        -4.82719321e-02,  1.63385995e-01],
       [ 2.03927621e+00, -1.79335886e-01, -1.57345868e-01,
        -7.53997708e-02, -1.92732223e+00],
       [-5.62498986e-01, -9.20406551e-01, -1.87764016e-01,
        -1.01364477e-01,  1.44575103e-01]]), 'clustering_f': [array([6, 6, 5, ..., 9, 7, 0]), array([2, 9, 0, ..., 4, 0, 5])], 'runtime_f': 0.10360360145568848, 'cost_f': array([1.44500772, 1.59456912]), 'assignment': array([2, 9, 0, ..., 0, 5, 0])}
k=12: {'centers': array([[-1.39011156e-01,  2.17711974e+00, -7.20390634e-02,
        -7.75257532e-02,  2.87076598e-02],
       [-1.12420838e+00, -4.60253332e-02, -2.19393410e-01,
        -1.26787509e-01, -1.72503809e+00],
       [-3.98149730e-01,  1.27622520e-01,  1.22787522e+00,
        -4.30541653e-02,  1.84866563e-01],
       [ 1.59909166e+00, -1.58694421e-01, -4.66762626e-01,
        -5.01492342e-02,  8.56857438e-02],
       [ 1.91961891e+00, -1.73318854e-01, -1.37421535e-01,
        -6.94010772e-02, -2.10014304e+00],
       [-7.45111779e-01,  3.75237794e-01, -3.38441318e-01,
        -1.15606930e-01,  2.81833955e-02],
       [ 9.24522797e-03, -2.09328536e-01,  2.60031308e-02,
        -7.40074803e-02,  2.12465598e+00],
       [ 8.28765789e-01, -4.05261328e-01,  1.38026944e+00,
         1.54255892e-01,  3.51026875e-01],
       [ 4.37760163e-01,  7.03689459e-02,  1.12226056e+00,
         1.36060909e+01,  7.22835952e-01],
       [ 3.02783298e-01,  1.93979191e-01, -2.31112910e+00,
        -1.16264069e-01, -6.48864221e-02],
       [-7.58170583e-01, -9.70871666e-01, -1.65253375e-01,
        -1.16001163e-01,  2.29039661e-02],
       [ 4.74192696e-01, -4.53078751e-01, -2.38021440e-01,
        -7.54330477e-02,  3.66968415e-02]]), 'clustering': array([7, 4, 5, ..., 5, 9, 5]), 'runtime': 0.0465160608291626, 'cost': array([1.34273146, 1.55798853]), 'centers_f': array([[-4.00014749e-01, -9.84750644e-01, -2.86918473e-01,
        -9.10434338e-02,  1.68992698e-01],
       [ 7.09985993e-02, -1.95703152e-01, -8.66027922e-02,
        -6.45238338e-02,  2.24412682e+00],
       [-2.52771104e-01,  2.30417683e+00, -3.11112671e-01,
        -8.09993607e-02,  1.07803896e-01],
       [ 4.96283413e-01,  5.65701388e-02,  1.15712250e+00,
         1.36060909e+01,  8.85401117e-01],
       [ 1.10380008e+00, -2.37415560e-01, -3.28982943e-01,
        -5.13790148e-02,  1.69861493e-01],
       [-1.97885199e-01,  8.76839131e-01,  1.21697812e+00,
        -2.54580219e-02,  2.66239935e-01],
       [-1.14953545e+00,  2.32780823e-03, -2.77830788e-01,
        -1.30214051e-01, -1.61028967e+00],
       [-6.24032615e-01,  2.57520164e-01, -3.33867545e-01,
        -1.01903337e-01,  1.10444898e-01],
       [ 1.14211975e+00, -1.33441989e-01,  1.41217968e+00,
         2.27895146e-01,  4.57104022e-01],
       [ 3.56584563e-01,  1.63042165e-01, -2.31345295e+00,
        -1.09807823e-01, -1.29586452e-02],
       [-2.12917613e-01, -6.28745812e-01,  1.26177791e+00,
        -1.51820439e-02,  2.94393362e-01],
       [ 2.03754804e+00, -1.93358854e-01, -1.78364281e-01,
        -7.37846268e-02, -1.95196663e+00]]), 'clustering_f': [array([ 5,  5,  9, ..., 11,  6,  7]), array([10, 11,  7, ...,  1,  7,  9])], 'runtime_f': 0.12550747394561768, 'cost_f': array([1.39089004, 1.52572208]), 'assignment': array([10, 11,  7, ...,  7,  9,  7])}
k=13: {'centers': array([[-0.50197878, -0.20553028,  1.21377004, -0.05722198,  0.13939001],
       [ 0.99827434, -0.38829607, -0.25793221, -0.06375877,  0.06667075],
       [-0.65976656,  2.68164382, -0.30784724, -0.11334743, -0.16814981],
       [ 0.01614301, -0.20984313,  0.03503137, -0.0733122 ,  2.14299615],
       [-0.65392356,  0.34545187, -0.23940771, -0.11348399,  0.04311161],
       [ 0.50584324,  1.39477599,  0.42883743, -0.01675049,  0.16973455],
       [ 1.99725564, -0.25492104, -0.11317097, -0.06802951, -2.00532477],
       [-1.10316147, -0.11273431, -0.19568229, -0.12700819, -1.70570393],
       [ 0.43776016,  0.07036895,  1.12226056, 13.60609091,  0.72283595],
       [-0.56313095, -0.93159903, -0.25864322, -0.10501281,  0.04773583],
       [ 1.27776486, -0.03364985, -2.16217455, -0.12958312, -0.06898684],
       [ 0.82992104, -0.40688871,  1.39265125,  0.16102075,  0.37971   ],
       [-0.69748742,  0.31997584, -1.92230366, -0.10253784, -0.05375147]]), 'clustering': array([ 0,  6,  4, ...,  4, 12,  5]), 'runtime': 0.043627691268920896, 'cost': array([1.2917693 , 1.47327169]), 'centers_f': array([[-4.28491270e-01, -2.07690918e-01,  1.24068391e+00,
        -4.10375876e-02,  2.44776260e-01],
       [ 1.06490019e+00, -3.72873604e-01, -2.63404007e-01,
        -4.10764350e-02,  1.65756013e-01],
       [-5.71326321e-01,  2.72237373e+00, -3.69716630e-01,
        -1.06720658e-01, -3.25327430e-02],
       [ 6.40733960e-02, -2.11378923e-01, -8.71005970e-02,
        -6.86180170e-02,  2.26248278e+00],
       [-5.28084891e-01,  4.13532068e-01, -2.57928823e-01,
        -1.02354086e-01,  1.19012172e-01],
       [ 4.58441904e-01,  1.43063599e+00,  7.27611094e-01,
         1.55753560e-02,  3.00826984e-01],
       [ 2.01248663e+00, -2.28189663e-01, -1.15973420e-01,
        -7.06883210e-02, -2.02164217e+00],
       [-1.14487906e+00, -1.72288562e-02, -2.43951752e-01,
        -1.30366344e-01, -1.62201490e+00],
       [ 4.96283413e-01,  5.65701388e-02,  1.15712250e+00,
         1.36060909e+01,  8.85401117e-01],
       [-5.08228965e-01, -9.03209203e-01, -2.67941485e-01,
        -9.86268098e-02,  1.60354552e-01],
       [ 1.28335646e+00, -5.30307238e-02, -2.17451078e+00,
        -1.25828942e-01, -1.73760788e-02],
       [ 9.29444597e-01, -4.54743335e-01,  1.40340096e+00,
         1.87049310e-01,  4.64807003e-01],
       [-6.73376527e-01,  3.19133364e-01, -1.96653154e+00,
        -1.09690063e-01,  2.89082676e-03]]), 'clustering_f': [array([ 5,  5, 10, ...,  6,  7,  4]), array([ 0,  6,  4, ...,  3,  4, 12])], 'runtime_f': 0.11032288074493408, 'cost_f': array([1.34280808, 1.46284383]), 'assignment': array([ 0,  6,  4, ...,  4, 12,  4])}
k=14: {'centers': array([[-5.24389537e-01, -4.27132887e-01,  1.13828904e+00,
        -6.91860116e-02,  5.85174111e-02],
       [-1.13263322e+00, -1.99536943e-03, -2.32207601e-01,
        -1.25923619e-01, -1.74394598e+00],
       [ 2.26698502e-01, -3.04027234e-01,  1.41867993e+00,
         2.53984540e-01,  1.80358630e+00],
       [ 1.92888957e+00, -1.63383381e-01, -1.70754675e-01,
        -6.67688275e-02, -2.13159195e+00],
       [-9.22261258e-01, -5.60142842e-01, -3.38872505e-01,
        -1.25857522e-01, -4.50175753e-02],
       [-3.29849277e-01,  5.99354771e-01, -3.03076369e-01,
        -9.81778926e-02,  6.97064480e-02],
       [ 4.85272845e-01, -7.51369890e-01, -2.43600708e-01,
        -7.43029915e-02,  5.93456945e-02],
       [ 1.56345865e+00, -1.68028640e-02, -4.11472300e-01,
        -5.31501314e-02,  2.66856711e-02],
       [-3.86227658e-01,  2.59986919e+00, -3.96869204e-01,
        -1.09774894e-01, -4.26636684e-02],
       [ 9.00302920e-01, -4.02028491e-01,  1.36939534e+00,
         6.50460895e-02,  8.17556978e-02],
       [ 3.47411719e-01,  1.46162024e-01, -2.31582219e+00,
        -1.15787656e-01, -9.82424249e-02],
       [ 4.37760163e-01,  7.03689459e-02,  1.12226056e+00,
         1.36060909e+01,  7.22835952e-01],
       [ 4.81406631e-02,  1.16356482e+00,  1.19680395e+00,
         9.81906753e-03,  2.37776131e-01],
       [ 2.80452590e-02, -2.55671596e-01, -4.06531019e-01,
        -8.50174440e-02,  1.99621814e+00]]), 'clustering': array([ 0,  3,  5, ...,  5, 10,  5]), 'runtime': 0.047574329376220706, 'cost': array([1.26553075, 1.42405385]), 'centers_f': array([[ 4.96283413e-01,  5.65701388e-02,  1.15712250e+00,
         1.36060909e+01,  8.85401117e-01],
       [-1.14470259e+00, -1.48320202e-01, -3.05729656e-01,
        -1.28663142e-01, -1.66401546e+00],
       [ 1.15424718e+00, -7.64529632e-01, -3.42093408e-01,
        -5.58330187e-02,  2.21880743e-01],
       [-3.10536971e-01,  2.65829826e+00, -2.15027258e-01,
        -8.58498489e-02,  1.11348655e-01],
       [ 2.70343276e-02, -1.82488939e-01, -4.04313235e-01,
        -7.61117710e-02,  2.21153664e+00],
       [ 1.34310455e+00, -8.70452277e-02,  1.41224754e+00,
         2.42334377e-01,  2.37222125e-01],
       [-2.37175176e-01,  6.42510688e-01,  1.20880532e+00,
        -4.31938702e-02,  7.25344074e-02],
       [ 5.61773256e-02, -1.09767060e-01,  1.33603392e+00,
         9.51097030e-02,  1.56277586e+00],
       [ 4.19538837e-01,  1.69638041e-01, -2.34316883e+00,
        -1.08821865e-01, -3.47695882e-02],
       [-1.08889010e-01, -8.09172396e-01,  1.22355999e+00,
        -3.17843984e-02,  9.55116888e-02],
       [-8.82355911e-01,  6.31479970e-01, -3.90135412e-01,
        -1.20833352e-01, -5.94280547e-03],
       [ 6.18061132e-01,  4.04692986e-01, -2.70416696e-01,
        -5.29751961e-02,  1.26719208e-01],
       [-5.69640933e-01, -7.16450754e-01, -3.24126067e-01,
        -9.07475255e-02,  1.73400806e-01],
       [ 2.05795422e+00, -1.78342543e-01, -2.23419510e-01,
        -7.21480030e-02, -1.98979322e+00]]), 'clustering_f': [array([ 6,  6,  8, ..., 13,  1, 11]), array([ 9, 13, 11, ...,  4, 10,  8])], 'runtime_f': 0.11976196765899658, 'cost_f': array([1.30204052, 1.42333153]), 'assignment': array([ 9, 13, 11, ..., 10,  8, 11])}
k=15: {'centers': array([[ 5.32296995e-02, -2.24518079e-01, -2.26953107e-02,
        -6.90008211e-02,  2.17682452e+00],
       [ 1.17836532e+00, -2.91236493e-01,  1.37310868e+00,
         1.51548959e-01,  9.10866572e-03],
       [-1.15826207e+00, -6.84784671e-01, -4.01906095e-01,
        -1.28068170e-01, -1.67395949e+00],
       [-9.69577671e-01,  7.08204757e-01,  8.19340776e-02,
        -1.27634620e-01, -1.74615163e+00],
       [-1.00215850e+00,  3.85987938e-01, -3.08082441e-01,
        -1.24790098e-01, -2.20670716e-02],
       [-4.93093871e-01,  3.03907385e+00, -4.03241412e-01,
        -1.02733982e-01, -3.91947178e-02],
       [ 4.37760163e-01,  7.03689459e-02,  1.12226056e+00,
         1.36060909e+01,  7.22835952e-01],
       [-3.37540766e-02,  1.09943851e+00,  1.24354853e+00,
        -1.00609429e-02,  3.36175906e-01],
       [ 4.30018140e-01,  1.27361299e+00, -3.37001369e-01,
        -6.80322994e-02,  1.42143615e-01],
       [ 2.64793777e-01,  1.56197014e-01, -2.32704799e+00,
        -1.14337721e-01, -2.82515312e-02],
       [-6.61903308e-01, -1.00299316e+00, -2.73908338e-01,
        -1.13412041e-01,  8.83926669e-02],
       [ 2.10307223e+00, -1.99654289e-01, -4.76249377e-01,
        -7.34547623e-02, -1.89971161e+00],
       [-2.70882234e-01, -4.87147566e-01,  1.25232603e+00,
        -2.37613516e-03,  3.30697682e-01],
       [ 1.21913013e+00, -5.31794613e-01, -3.61494434e-01,
        -5.62994486e-02,  1.12509172e-01],
       [ 6.67952745e-02, -1.18687773e-01, -2.59565528e-01,
        -8.51022433e-02,  2.49700538e-02]]), 'clustering': array([12, 11, 14, ...,  4,  9,  8]), 'runtime': 0.06910789012908936, 'cost': array([1.19588477, 1.39939718]), 'centers_f': array([[ 9.13099986e-02, -2.53627186e-01, -1.36767374e-01,
        -6.52249698e-02,  2.29894238e+00],
       [ 1.19491312e+00, -3.53047236e-01,  1.40567164e+00,
         1.86500015e-01,  1.77235832e-01],
       [-1.21163810e+00, -6.43924701e-01, -5.17066685e-01,
        -1.40428262e-01, -1.59085802e+00],
       [-9.69437444e-01,  6.69069929e-01,  7.44859120e-02,
        -1.24333456e-01, -1.58751966e+00],
       [-7.02519516e-01,  2.67772642e-01, -3.02917722e-01,
        -1.03080053e-01,  1.11637455e-01],
       [-5.07625302e-01,  2.91759156e+00, -1.93161600e-01,
        -9.20575800e-02,  6.82327803e-02],
       [ 4.96283413e-01,  5.65701388e-02,  1.15712250e+00,
         1.36060909e+01,  8.85401117e-01],
       [ 7.00796636e-02,  1.10009568e+00,  1.28132103e+00,
         6.06443244e-03,  3.95076377e-01],
       [ 4.45283468e-01,  1.11693637e+00, -2.98270307e-01,
        -5.83777407e-02,  2.29272123e-01],
       [-4.89881682e-01,  9.06744880e-01, -2.30670786e+00,
        -1.02746945e-01, -3.95487811e-02],
       [-5.80842195e-01, -9.47633677e-01, -2.90674748e-01,
        -1.01685105e-01,  1.75084437e-01],
       [ 2.14977886e+00, -1.52384607e-01, -3.47047390e-01,
        -7.09111023e-02, -1.88652725e+00],
       [-2.60501611e-01, -4.46104045e-01,  1.26114676e+00,
        -2.57188260e-03,  4.30105548e-01],
       [ 9.74562320e-01, -4.70595480e-01, -2.40486433e-01,
        -3.99349750e-02,  1.78294644e-01],
       [ 8.97992694e-01, -3.35301111e-01, -2.07896250e+00,
        -1.17237227e-01,  7.39318961e-02]]), 'clustering_f': [array([ 7,  7, 14, ..., 11,  3,  8]), array([12, 11,  4, ...,  0,  4, 14])], 'runtime_f': 0.13251190185546874, 'cost_f': array([1.24675067, 1.38113376]), 'assignment': array([12, 11,  4, ...,  4, 14,  8])}
